1.966840235313686902e+00
2.281858682911616309e+00
2.303223061803721272e+00
2.872151244509368873e+00
3.835994831986567100e+00
3.999202177828367955e+00
3.976978763687927465e+00
3.968241569414908909e+00
3.880842276321581963e+00
3.971143989123895324e+00
3.922720939460079492e+00
3.977239091895170997e+00
3.904827942082467640e+00
3.729298928673517199e+00
3.415935055672578269e+00
2.933534170315015288e+00
9.760171490743202449e-01
1.911220405180264148e+00
1.999985018307858020e+00
1.999870588756562206e+00
1.999655739713091851e+00
1.999788724827464836e+00
1.999618603622413504e+00
1.999647948533988195e+00
1.999477511487800951e+00
1.991294328788089985e+00
1.981233012596701926e+00
1.825309807979174748e+00
1.551180232545628979e+00
1.252626907796990485e+00
1.745456856594538086e+00
1.794831833892356121e+00
1.709749735670230253e+00
1.777496928296761203e+00
1.636802895790620660e+00
1.744657409991410280e+00
1.292041371934929683e-01
4.351500438008243932e-01
5.483258494942847699e-02
1.994807010198131891e-01
3.938633890648579605e-02
8.907064968810914085e-02
1.108399545427763222e+01
2.068383346095764708e+01
8.349203628413663481e+00
1.718833172610499815e+01
6.896593428869877584e+00
1.541366411648968615e+01
1.926280900749742564e+00
7.978784824688496258e+00
7.450195028094932503e-01
6.018055478618804521e+00
4.923672017316248484e-01
3.056873016079235228e+00
1.688623243848483924e+01
2.560738749481417642e+01
1.045003982246534058e+01
1.849434529069226585e+01
7.235731352165866603e+00
1.324571129643261358e+01
5.249848154962632130e+00
9.108745694334933418e+00
2.026565046227180478e+00
6.497547184310115576e+00
9.168113759243953220e-01
2.473685878942812888e+00
