1.983714496329764598e+00
3.673121300374021736e+00
3.108476189692888969e+00
3.195166888870945243e+00
3.804975171173930359e+00
3.998498298649525218e+00
3.972788755100785441e+00
3.967502313931937863e+00
3.907014518096930900e+00
3.967833408587380983e+00
3.990881058621391642e+00
3.894851277135269907e+00
3.884016387871925602e+00
3.524316242678886102e+00
2.966219979051771372e+00
2.516872224773169631e+00
1.313208175251937115e+00
1.987332813513601248e+00
1.999985029622267430e+00
1.999913735529254666e+00
1.998181505705577399e+00
1.999871868554135235e+00
1.999797689359344988e+00
1.998157141680648730e+00
1.998216158577359902e+00
1.990696482940129686e+00
1.804708658816741806e+00
1.494826993845847607e+00
1.172554805750542606e+00
8.913612263550122483e-01
1.745974002148777515e+00
1.794567021323311140e+00
1.728010227677636790e+00
1.776448140645902951e+00
1.698282771600595487e+00
1.745222553149814004e+00
1.763356413619384666e-01
3.880185396323788116e-01
6.079731397211432520e-02
1.276153175682362417e-01
4.288713070914826342e-02
8.118714960488415677e-02
1.112814241507622626e+01
2.010408996692243377e+01
8.626092954695776527e+00
1.711359926383208929e+01
6.296042487334885251e+00
1.557953732154865456e+01
3.035277173707639164e+00
7.162458230031416129e+00
9.022941412890382873e-01
4.478751544513967175e+00
5.668243416126705903e-01
3.163296577387662900e+00
1.688415761508480273e+01
2.335902142868087239e+01
1.078374354190862938e+01
1.739138333819050075e+01
6.346040992396146940e+00
1.384671951782289412e+01
7.203152834373982571e+00
8.729953890830351781e+00
2.290032316519844180e+00
3.044931260835442632e+00
1.219689781626630554e+00
2.116649036312503895e+00
