1.924252239481013982e+00
2.072215823056412276e+00
2.652828217256100185e+00
3.308976164359938910e+00
3.913220845996608244e+00
3.978120413887540785e+00
3.966544718025128091e+00
3.921102801221687084e+00
3.925126954019486192e+00
3.926956604073120971e+00
3.966410483875800086e+00
3.951920987012121245e+00
3.968879490025397860e+00
3.648262465500046847e+00
3.094276036690217335e+00
2.498388662660060433e+00
8.792012179126303950e-01
1.944949396254453511e+00
1.999965869096552051e+00
1.999999223938043968e+00
1.998746144417850035e+00
1.999924366973466316e+00
1.998916098406317676e+00
1.998503043231172338e+00
1.999915231154359541e+00
1.997323594783983358e+00
1.944986895089817924e+00
1.738815558916502413e+00
1.475054124423437862e+00
1.192430846237579445e+00
1.776936356282298846e+00
1.771392564485908983e+00
1.744954447307888845e+00
1.750066825854990293e+00
1.740835448026853527e+00
1.728606739912079027e+00
1.245250082972311628e-01
4.446009742196976311e-01
8.329845675380564973e-02
2.173834112023510512e-01
6.932379748784485429e-02
6.049759668136243940e-02
1.119389108190815207e+01
1.990081282563966880e+01
8.654362075368666751e+00
1.734651914085803881e+01
6.784658544596458007e+00
1.523305184871609441e+01
1.916900361334780811e+00
7.395258238810966667e+00
7.798609742040222281e-01
5.370902484367533702e+00
5.697461492744397837e-01
3.071643815307545822e+00
1.700041492947567079e+01
2.317739524618146163e+01
1.067241842990429745e+01
1.712589233587200610e+01
6.614197526525019022e+00
1.356995486127016903e+01
5.161632395055796962e+00
9.137644944631805544e+00
2.073073150481096416e+00
5.065813512670929164e+00
9.970922559792108064e-01
2.232573534606530963e+00
