3.229287008490529520e-01
1.592906343971015826e+00
3.142997618947838134e+00
4.288676188970033998e+00
4.046588232584881872e+00
4.035201386125699230e+00
3.950034023090382540e+00
3.992978318958903650e+00
3.946631110854756486e+00
3.976185255257130624e+00
3.981818614815805901e+00
3.968449381408839738e+00
3.936653521363704389e+00
3.893084718304917313e+00
3.603336163281599891e+00
3.229925488376207632e+00
9.999473441684341157e-01
1.754263514381569244e+00
1.796635580170219404e+00
1.992948145820094386e+00
1.998959530159653220e+00
2.003516595298282521e+00
2.001226924559171394e+00
2.000512746203890746e+00
2.000320703527020072e+00
1.999667370961942581e+00
1.999394191506516982e+00
1.998915287176829647e+00
2.000129994668268019e+00
1.980418889102317115e+00
1.807574216287712421e+00
1.540360184698237545e+00
1.150782843181964665e+01
1.732479810510369234e+01
8.760515415751076063e+00
1.612230822368401206e+01
5.906569034949452401e+00
1.307276769697610774e+01
2.383096740976196060e+00
6.308949150059212307e+00
9.994315667701278993e-01
3.373933091251859473e+00
5.956545348665887030e-01
1.167902642005502756e+00
1.401908295761093903e+01
2.634053078872739562e+01
1.093386222222515514e+01
2.382487726697464581e+01
7.818328711689825461e+00
1.827219513939622075e+01
4.553038694543437792e+00
9.714880052706641678e+00
2.041313486992329285e+00
5.431465277804684355e+00
1.371486047142377984e+00
2.640381638735118219e+00
