3.216556206693190756e-01
1.981974469713327469e+00
3.720167185773643581e+00
4.050397922728143030e+00
4.133269952962834282e+00
3.984473893480226181e+00
3.963674084329150471e+00
3.987160113669387940e+00
3.925462125878226516e+00
3.977051522671200878e+00
3.998614306874250346e+00
3.952168606729158373e+00
3.984468034931905045e+00
3.902147494341614564e+00
3.746018252727979281e+00
3.328323333874983359e+00
9.998699035788811695e-01
1.868489865489405544e+00
1.975529124218024180e+00
2.016953844763504033e+00
2.005585006280743432e+00
2.003897505590591432e+00
2.001209622809176469e+00
2.000225273185451957e+00
1.999617923941417352e+00
1.998912274732028482e+00
1.999143731370935040e+00
2.000058981252861301e+00
1.987867325640805038e+00
1.981865725025235614e+00
1.811002810118523376e+00
1.544630964410633078e+00
1.147180691078772341e+01
1.740307359025136691e+01
9.267667679600958053e+00
1.621240017222863017e+01
6.803673299544076514e+00
1.287408048238980740e+01
2.385014227812870313e+00
6.168363518633151799e+00
1.064752757731253885e+00
3.115213859060405266e+00
6.953306693537907313e-01
1.284124735294422059e+00
1.395579314011961891e+01
2.608366459549307592e+01
1.099318933627563766e+01
2.417234628621613979e+01
7.683983282757863797e+00
1.996259736048368438e+01
4.804129442676215334e+00
9.558763084312225544e+00
1.851852024724929269e+00
5.323057311503048616e+00
1.158744694265409603e+00
3.218033125916475168e+00
