5.299433140165205058e-02
1.606965978037126597e+00
2.897419028995045220e+00
4.155173244988963788e+00
4.034764674877913571e+00
3.957981466358810874e+00
3.988311489014758404e+00
3.963795667884523866e+00
3.947018431298261021e+00
3.918433122512576805e+00
3.939412889220630820e+00
3.994307315378669454e+00
3.939887369839086162e+00
3.813035390121743085e+00
3.715853277002333588e+00
3.407262074703764743e+00
9.999880119662249989e-01
1.642343820587822245e+00
1.488810611726730571e+00
1.983903290283200338e+00
1.999967918971764735e+00
2.003161193515754945e+00
2.001254784899176631e+00
2.000076404885392733e+00
2.000000969539395879e+00
1.999979613171925408e+00
1.996771873639115569e+00
1.999955427260661889e+00
1.995904198909895122e+00
1.953166965399681487e+00
1.758575673364309200e+00
1.483911241551201243e+00
1.144084336496439569e+01
1.737551684069256552e+01
9.238258168774247991e+00
1.610707610452366367e+01
6.591090960511993835e+00
1.307195061980971751e+01
2.209906633768139894e+00
6.309501604653412699e+00
9.953378803324871571e-01
3.868421087912905509e+00
5.735339801984106201e-01
1.344045308044933273e+00
1.418319298616190416e+01
2.624798571613032294e+01
1.111623785320517932e+01
2.402960208743036574e+01
8.118607210376071137e+00
2.009059347681249719e+01
3.793700547629458075e+00
1.005278430952373903e+01
2.018397108699101938e+00
7.270285002987696643e+00
1.302536264231206165e+00
3.674727959985332859e+00
