1.523531655902304605e-01
1.948973495978600923e+00
3.311728469766476834e+00
4.106935851061415121e+00
4.011903180189354323e+00
3.889426511041773615e+00
3.956280302850928354e+00
3.974572193648126639e+00
3.932159216324696782e+00
3.860991477755771228e+00
3.936454800726103542e+00
3.951283935664893221e+00
3.897679867087345151e+00
3.828574727391280241e+00
3.535791722362280787e+00
3.051395083790544138e+00
9.998594538354756978e-01
1.846370829134854397e+00
1.309842159801754002e+00
2.005965296685957355e+00
2.004660802938334818e+00
2.005275593058154726e+00
2.002523554604523692e+00
2.000605261690762138e+00
1.998138606440759801e+00
2.000264076092263643e+00
1.999785446396079358e+00
1.999084080921747386e+00
1.998529961567085955e+00
1.940994954732217170e+00
1.722654462500776917e+00
1.437070847297148735e+00
1.136474270497017969e+01
1.738147499219999048e+01
9.043515715699577129e+00
1.604991065059185473e+01
6.155122775555192050e+00
1.337617387947383385e+01
2.274026411876481912e+00
6.225892989646653497e+00
1.084104156366724858e+00
3.231566768450299332e+00
5.839910593585806442e-01
1.191367601658590347e+00
1.418294815495312911e+01
2.612003682776467173e+01
1.051627663337457008e+01
2.365070166006472263e+01
7.181308072060560654e+00
1.898736129191546951e+01
3.731806570965621628e+00
1.047131408854761503e+01
2.024711161859562569e+00
6.769099954479720793e+00
1.278826742611785194e+00
2.840798906585847217e+00
