1.523117299442900974e-01
1.679241381890744123e+00
3.224623311909111223e+00
4.120266216575867446e+00
4.110083477577877176e+00
3.997324449184237238e+00
3.991629263933448080e+00
3.969740372179229482e+00
3.880434596888308718e+00
3.969271607558603421e+00
3.946310762590922394e+00
3.934977376067095634e+00
3.973724331991888015e+00
3.815505680184299919e+00
3.538259449999748174e+00
3.084606244252536822e+00
9.998190742469394987e-01
1.638825529735757236e+00
1.356672165023527610e+00
1.979863386061361918e+00
1.999561656975169743e+00
2.006153931062354179e+00
2.001402364136651180e+00
1.999016949372438123e+00
1.999466243604711480e+00
1.999982156189725968e+00
1.997580326732944833e+00
1.999734164982506890e+00
1.995781775540885761e+00
1.965753839141381354e+00
1.880006964542822345e+00
1.664106595221204188e+00
1.138175097872639796e+01
1.735893402127880947e+01
9.243785655304023408e+00
1.633727785080308692e+01
6.862525547741189058e+00
1.370137230476593437e+01
2.248535355399555513e+00
5.990884302730158595e+00
9.870862836018639008e-01
4.553011810091587286e+00
5.932328248748623967e-01
1.867204528108659556e+00
1.399733041319006155e+01
2.618192260613749411e+01
1.106140571525748584e+01
2.417859392732277612e+01
8.103817528696531269e+00
2.035121987080829342e+01
3.812208035008939344e+00
9.127057865984301799e+00
1.913878045339890255e+00
6.756323086024691449e+00
1.260726040275808257e+00
3.419761910418308126e+00
