7.759819103778123339e-02
4.321364693689555558e+00
4.662178293678612917e+00
4.395581220286278956e+00
4.063292590415276351e+00
3.920220419984270066e+00
4.005555014915934464e+00
3.964924536610741068e+00
3.968360442735986648e+00
3.946580225556691079e+00
3.959200226485051655e+00
3.952337524441965400e+00
3.938151414780133752e+00
3.944770134597752165e+00
3.598816035338271657e+00
3.276615536668947559e+00
9.999961141299872347e-01
1.846370829411192016e+00
1.909893387483725613e+00
2.004606299690132598e+00
2.011139817729884705e+00
2.003724784082326238e+00
2.001097836861327917e+00
1.999650206373405403e+00
1.997264877608632583e+00
2.000120707709302614e+00
1.999801028893841481e+00
1.998313248220223048e+00
2.000106762173269992e+00
1.971018261141910477e+00
1.789656973886784241e+00
1.519345076933149796e+00
1.132058064330013991e+01
1.730800467161055778e+01
9.160098990098960670e+00
1.645723027723677490e+01
6.667195221979576480e+00
1.381319209309024032e+01
5.175510077776026563e+00
4.607826046622748528e+00
1.667125374465713739e+00
1.886058567942802799e+00
6.283661665124251616e-01
1.133531391230320651e+00
1.394215023766098582e+01
2.597756368351796397e+01
1.125007642035084210e+01
2.387808503803689675e+01
8.328330758145984447e+00
1.860035224965182366e+01
6.418689025505729617e+00
9.423780068572758850e+00
2.736393925122591497e+00
5.002446942752159842e+00
1.258687007756351450e+00
3.109221718981507454e+00
