9.996829301453007410e-01
2.117080588323699608e+00
2.919613570985639672e+00
2.990059585367820461e+00
2.983275683913772625e+00
2.825879834189439332e+00
2.445594861078568272e+00
2.274562558275083024e+00
2.174351898999402621e+00
2.094484760800933376e+00
2.060399602249724627e+00
2.037513769708335865e+00
2.015918776874230378e+00
2.007601423503829086e+00
2.006619310652834276e+00
2.005471753148244662e+00
2.004202370460295590e+00
2.003086390166694652e+00
2.001670615632336503e+00
2.002036057839430505e+00
2.001187164731644597e+00
2.000746951600120394e+00
2.000382601753831313e+00
2.000025261122653664e+00
9.999999998601972750e-01
1.857925522423580222e+00
1.965867557108335495e+00
1.428284071878626715e+00
1.156240905330800706e+00
1.067324795618374456e+00
1.036856745971940885e+00
1.022898499890492641e+00
1.011010128201803804e+00
1.006690062634274963e+00
1.004354423096148308e+00
1.003005559401027869e+00
1.001424998071543060e+00
1.001223449754652162e+00
1.000734191699114595e+00
1.000611427787148733e+00
1.000398454882756250e+00
1.000406905260054824e+00
1.000351739699789411e+00
1.000233334614459624e+00
1.000197130658869726e+00
1.000189625678250094e+00
9.997403031296645537e-01
9.756592717267950077e-01
6.151255134044707695e+00
1.120761552934618166e+01
5.365671976812832256e+00
1.067095564204664626e+01
4.810721735918928488e+00
8.989830276868129744e+00
4.956102341533190625e+00
8.287300879970857181e+00
3.799619510377610254e+00
7.244602557375470653e+00
3.154056588311386022e+00
5.613635715871615695e+00
2.440291197067200546e+00
3.643985526787217655e+00
1.383499270085899013e+00
2.331522191822537504e+00
9.945916714442691875e-01
1.519688476072426075e+00
4.182043005984737327e+00
5.679612200059659166e+00
3.657096772698191334e+00
5.599344087883014964e+00
3.522759370688830494e+00
5.368255476353722244e+00
3.416177146175852997e+00
4.260718662839902748e+00
2.426837901700875655e+00
3.750113072475394382e+00
1.883793088138514538e+00
3.359111850988939274e+00
1.459808032265831557e+00
1.667793316381971813e+00
6.932977044040508074e-01
1.229866905421471923e+00
5.027782102479015913e-01
8.247374805424452227e-01
