double O_2H2O_MAX[] = {
1.995565457311260893e+00, 
2.927748985342685462e+00, 
2.413413365003222122e+00, 
2.172278546616017714e+00, 
2.086752801791397882e+00, 
2.062602216789130694e+00, 
2.038915787641183641e+00, 
2.021870492307104694e+00, 
2.015831995449623104e+00, 
2.003683455954338832e+00, 
2.002569018256084465e+00, 
2.001324289725388006e+00, 
2.001199188522966299e+00, 
2.000950425105992636e+00, 
2.000947991092599576e+00, 
2.000578293265345309e+00, 
2.000445237257374220e+00, 
2.000386687345648173e+00, 
2.000289052405246792e+00, 
2.000206856593229610e+00, 
2.000192432866350511e+00, 
1.998422450377044246e+00, 
1.947612609297902475e+00, 
1.836243865380089879e+00, 
1.404080028725186169e-01, 
7.689735063746929722e-01, 
9.999891354924446141e-01, 
9.999999820865526079e-01, 
9.999999998491132525e-01, 
9.999999978794332778e-01, 
9.999999849766481042e-01, 
9.999999998987975092e-01, 
9.999999936563921388e-01, 
9.999999221347518619e-01, 
9.999999968390445027e-01, 
9.999999998792483691e-01, 
9.999999997778724614e-01, 
9.999999999992376098e-01, 
9.999999983353700106e-01, 
9.999999678517613733e-01, 
9.999999998781222699e-01, 
9.832793250554849873e-01, 
9.241566119921627021e-01, 
8.389753628568509258e-01, 
7.422699610598066933e-01, 
6.443850711551463162e-01, 
3.540449860499673918e+00, 
7.255991898692492725e+00, 
2.646302617477683583e+00, 
6.155664588435085349e+00, 
1.923376920277033442e+00, 
5.293420641646124025e+00, 
2.537239616174035817e+00, 
5.500370880932600848e+00, 
1.697206243259989256e+00, 
4.347267555850746312e+00, 
1.370273435458875699e+00, 
3.785495980981850028e+00, 
7.346928596629100916e-01, 
1.997766498545540781e+00, 
3.599026852931874743e-01, 
1.678734897485865574e+00, 
3.360951388313113131e-01, 
1.393594282080167224e+00, 
7.691170053995499245e+00, 
9.859813703482588565e+00, 
5.291024898877849658e+00, 
6.756870970260755449e+00, 
3.727474367069052885e+00, 
5.371128177722260588e+00, 
6.365838611221480647e+00, 
7.169126263698592183e+00, 
3.508166154174023443e+00, 
4.599677456637080830e+00, 
2.588893965807954167e+00, 
3.819271234584248553e+00, 
2.797636525512943617e+00, 
3.252699990508426175e+00, 
1.280605806356939880e+00, 
1.830168155715377498e+00, 
7.201876047339481612e-01, 
1.364813972953318189e+00
} ;
