double O_3H2O_MAX[] = {
1.983714496329764598e+00, 
3.673121300374021736e+00, 
3.108476189692888969e+00, 
3.308976164359938910e+00, 
3.913220845996608244e+00, 
3.999202177828367955e+00, 
3.976978763687927465e+00, 
3.968241569414908909e+00, 
3.925126954019486192e+00, 
3.971143989123895324e+00, 
3.990881058621391642e+00, 
3.977239091895170997e+00, 
3.968879490025397860e+00, 
3.729298928673517199e+00, 
3.415935055672578269e+00, 
2.933534170315015288e+00, 
1.313208175251937115e+00, 
1.987332813513601248e+00, 
1.999985029622267430e+00, 
1.999999223938043968e+00, 
1.999655739713091851e+00, 
1.999924366973466316e+00, 
1.999797689359344988e+00, 
1.999647948533988195e+00, 
1.999915231154359541e+00, 
1.997323594783983358e+00, 
1.981233012596701926e+00, 
1.825309807979174748e+00, 
1.551180232545628979e+00, 
1.252626907796990485e+00, 
1.776936356282298846e+00, 
1.794831833892356121e+00, 
1.744954447307888845e+00, 
1.777496928296761203e+00, 
1.740835448026853527e+00, 
1.745222553149814004e+00, 
1.763356413619384666e-01, 
4.446009742196976311e-01, 
8.329845675380564973e-02, 
2.173834112023510512e-01, 
6.932379748784485429e-02, 
8.907064968810914085e-02, 
1.119389108190815207e+01, 
2.068383346095764708e+01, 
8.654362075368666751e+00, 
1.734651914085803881e+01, 
6.896593428869877584e+00, 
1.557953732154865456e+01, 
3.035277173707639164e+00, 
7.978784824688496258e+00, 
9.022941412890382873e-01, 
6.018055478618804521e+00, 
5.697461492744397837e-01, 
3.163296577387662900e+00, 
1.700041492947567079e+01, 
2.560738749481417642e+01, 
1.078374354190862938e+01, 
1.849434529069226585e+01, 
7.235731352165866603e+00, 
1.384671951782289412e+01, 
7.203152834373982571e+00, 
9.137644944631805544e+00, 
2.290032316519844180e+00, 
6.497547184310115576e+00, 
1.219689781626630554e+00, 
2.473685878942812888e+00
};
