1.995565457311260893e+00
2.927748985342685462e+00
2.413413365003222122e+00
2.153601783036299455e+00
2.086752801791397882e+00
2.049261708210464494e+00
2.029696645444800218e+00
2.016730163277978605e+00
2.010256016565795001e+00
2.003109623235318271e+00
2.002360282048379680e+00
2.001114174790544986e+00
2.001199188522966299e+00
2.000950425105992636e+00
2.000947991092599576e+00
2.000578293265345309e+00
2.000445237257374220e+00
2.000386687345648173e+00
2.000279879226745994e+00
2.000203060523660703e+00
2.000192432866350511e+00
1.998422450377044246e+00
1.947612609297902475e+00
1.836243865380089879e+00
1.404080028725186169e-01
7.689735063746929722e-01
9.999891354924446141e-01
9.999999820865526079e-01
9.999999998491132525e-01
9.999999978794332778e-01
9.999999849766481042e-01
9.999999998987975092e-01
9.999999936563921388e-01
9.999999221347518619e-01
9.999999968390445027e-01
9.999999998792483691e-01
9.999999997778724614e-01
9.999999999992376098e-01
9.999999983353700106e-01
9.999999678517613733e-01
9.999999998781222699e-01
9.832793250554849873e-01
9.241566119921627021e-01
8.389753628568509258e-01
7.422699610598066933e-01
6.443850711551463162e-01
3.540449860499673918e+00
7.186842489821044566e+00
2.645858266038870976e+00
5.972964777850178208e+00
1.900628060449122136e+00
5.237559044069914904e+00
2.425016968548078911e+00
5.500370880932600848e+00
1.697206243259989256e+00
4.345054083333788952e+00
1.367340382963820211e+00
3.785495980961613771e+00
6.963411084737803902e-01
1.997766498545540781e+00
3.599026852931874743e-01
1.678734897485865574e+00
3.360948822500956501e-01
1.393594282080167224e+00
7.640187161296248419e+00
9.776653616915849554e+00
5.000490667770248976e+00
6.560002004844743162e+00
3.670865597623934828e+00
5.371128177722260588e+00
6.172275109517868508e+00
7.169126263698592183e+00
3.368727481722709971e+00
4.599677456637080830e+00
2.450595796392987413e+00
3.819271234584248553e+00
2.649885316893326959e+00
3.252699990508426175e+00
1.109769167120316258e+00
1.648786799852473894e+00
7.201876047339481612e-01
1.364813972953318189e+00
