1.989539053027201909e+00
2.710960804983544303e+00
2.349823116595401551e+00
2.172278546616017714e+00
2.075530132660688754e+00
2.062602216789130694e+00
2.038915787641183641e+00
2.021870492307104694e+00
2.015831995449623104e+00
2.003683455954338832e+00
2.002569018256084465e+00
2.001324289725388006e+00
2.000956629954628863e+00
2.000646446630503394e+00
2.000633110577649365e+00
2.000534976416567190e+00
2.000331799932435484e+00
2.000331011113774871e+00
2.000289052405246792e+00
2.000206856593229610e+00
2.000184657011438993e+00
1.996688400360668636e+00
1.946068016222541663e+00
1.835626855016458059e+00
1.404080028725186169e-01
7.689735063746929722e-01
9.999891354924446141e-01
9.999999820865526079e-01
9.999999998491132525e-01
9.999999978794332778e-01
9.999999849766481042e-01
9.999999998987975092e-01
9.999999936563921388e-01
9.999999221347518619e-01
9.999999968390445027e-01
9.999999998792483691e-01
9.999999997778724614e-01
9.999999999992376098e-01
9.999999983353700106e-01
9.999999678517613733e-01
9.999999998781222699e-01
9.832793250554849873e-01
9.241566119921627021e-01
8.389753628568509258e-01
7.422699610598066933e-01
6.443850711551463162e-01
3.527108161694929578e+00
7.255991898692492725e+00
2.646302617477683583e+00
6.155664588435085349e+00
1.923376920277033442e+00
5.293420641646124025e+00
2.537239616174035817e+00
5.451680032176851043e+00
1.689731452429301672e+00
4.347267555850746312e+00
1.370273435458875699e+00
3.785495980981850028e+00
7.346928596629100916e-01
1.968629326045467920e+00
3.499184277357772488e-01
1.620881373696103633e+00
3.360951388313113131e-01
1.349528458065583747e+00
7.691170053995499245e+00
9.859813703482588565e+00
5.291024898877849658e+00
6.756870970260755449e+00
3.727474367069052885e+00
5.345498019715736682e+00
6.365838611221480647e+00
7.047379260382188093e+00
3.508166154174023443e+00
4.444682524119203393e+00
2.588893965807954167e+00
3.819271234583778263e+00
2.797636525512943617e+00
3.245251479546487960e+00
1.280605806356939880e+00
1.830168155715377498e+00
6.791800514304379144e-01
1.364813972908887507e+00
