9.722088170320518641e-01
1.594756501036234342e+00
2.884527267953405527e+00
2.911489262262723976e+00
2.983275683913772625e+00
2.813393175258426471e+00
2.353602529283409073e+00
2.227802839593601814e+00
2.094774828204805317e+00
2.094484760800933376e+00
2.037518870118445236e+00
2.026982785446123536e+00
2.015918776874230378e+00
2.005947224278689767e+00
2.006343179640138530e+00
2.003943066350470037e+00
2.004202370460295590e+00
2.003086390166694652e+00
2.000747460788720122e+00
2.000906881013371219e+00
2.000789709358020918e+00
2.000628135780886829e+00
2.000219127715597622e+00
1.999672740669272919e+00
9.999988806681578968e-01
1.807750877085130492e+00
1.965867557108335495e+00
1.387208998166151952e+00
1.130477410470684063e+00
1.067324795618374456e+00
1.035828590923347114e+00
1.017161536296337321e+00
1.009388549268010804e+00
1.006690062634274963e+00
1.004131878927085886e+00
1.001839627578461345e+00
1.001305399983264621e+00
1.000957972330668966e+00
1.000670369437021145e+00
1.000456955942943038e+00
1.000398454882756250e+00
1.000334384478412719e+00
1.000236037955358537e+00
1.000210584854237972e+00
1.000173623371823917e+00
1.000169395041357490e+00
9.997403031296645537e-01
9.756592717267950077e-01
6.151255134044707695e+00
1.119655572168442603e+01
5.264399763476855121e+00
1.067095564204664626e+01
4.409068020516089703e+00
8.888958266852196033e+00
4.794157416305597330e+00
8.226831730981551516e+00
3.695723527003015096e+00
7.244600672201887193e+00
2.805828102843676675e+00
5.499619626352455271e+00
1.986086590509095640e+00
3.589824735266684552e+00
1.312692646377014105e+00
2.331522191822537504e+00
8.674298303395334697e-01
1.487738201418329798e+00
4.023756113627761088e+00
5.679612200059659166e+00
3.657096772698191334e+00
5.519370210874219751e+00
3.462319175556203277e+00
5.194060325351694374e+00
3.069522375575033379e+00
4.125362293310432804e+00
2.426837901700875655e+00
3.730699398090811858e+00
1.874599172280024817e+00
3.359111850988939274e+00
1.117754062300458262e+00
1.667793316381971813e+00
6.055147477043453241e-01
1.179809208675457688e+00
4.494504338091686035e-01
8.247374805424452227e-01
