9.996829301453007410e-01
1.250955213790735154e+00
2.919613570985639672e+00
2.990059585367820461e+00
2.969605830088776433e+00
2.802472537738639691e+00
2.445594861078568272e+00
2.198542823780425870e+00
2.174351898999402621e+00
2.074264390616606946e+00
2.034537472625054466e+00
2.027869790762493185e+00
2.011952323227362172e+00
2.007338971221253487e+00
2.005298528407980729e+00
2.005471753148244662e+00
2.002911828524577498e+00
2.002039338826287818e+00
2.001670615632336503e+00
2.002036057839430505e+00
2.000491223239602157e+00
2.000390455455610894e+00
2.000126229701360892e+00
1.999506026381460799e+00
9.999998655656764379e-01
1.802463314292616303e+00
1.961405897643612173e+00
1.329350687193715741e+00
1.146506540196481128e+00
1.061156148596543947e+00
1.036856745971940885e+00
1.014251576509376473e+00
1.010016722475181039e+00
1.005697732737903083e+00
1.003412097689852844e+00
1.003005559401027869e+00
1.001172223563149055e+00
1.000740066329724121e+00
1.000525242588059305e+00
1.000611427787148733e+00
1.000393200672039296e+00
1.000312566884030696e+00
1.000204916196642868e+00
1.000214735060696691e+00
1.000192716889558131e+00
1.000135640205781051e+00
9.993740829114514668e-01
9.732865281229207133e-01
6.140984626736205598e+00
1.118177483339805178e+01
5.311936688329088163e+00
1.062546646557472663e+01
4.810721735918928488e+00
8.797704881054972503e+00
4.631827543447378126e+00
8.287300879970857181e+00
3.799619510377610254e+00
7.065699578246881885e+00
3.154056588311138665e+00
5.439424093987665465e+00
1.821320615960396294e+00
3.643985526787217655e+00
1.383499270085899013e+00
2.297157340685140881e+00
9.945916714442691875e-01
1.519688476072426075e+00
4.068378545116962286e+00
5.673721555279207074e+00
3.585348698939334611e+00
5.599344087883014964e+00
3.402787943179673480e+00
5.368255476353722244e+00
3.052383475348245057e+00
4.080420048838551139e+00
2.312259680788921301e+00
3.695417414501545927e+00
1.883793088138514538e+00
3.337291986881419259e+00
9.252680838992484169e-01
1.611854779567067908e+00
6.798763020789839739e-01
1.164053796435113641e+00
4.198216595435433351e-01
7.079074018850950445e-01
