9.996829301452977434e-01
2.117080588323699608e+00
2.736155816178805988e+00
2.984189099092815933e+00
2.947382983099191556e+00
2.743272066714647295e+00
2.327646655655633001e+00
2.228633889242428889e+00
2.121316654085396269e+00
2.067666741163237010e+00
2.060399602249724627e+00
2.037513769708335865e+00
2.014275927106667030e+00
2.006797734523693588e+00
2.005573231112970589e+00
2.003124372993886571e+00
2.002743995170981339e+00
2.001683231606206093e+00
2.001317513124895697e+00
2.001155289103054180e+00
2.000679161215380031e+00
2.000666783754670774e+00
2.000382601753831313e+00
1.999465855957848204e+00
9.999999922601937596e-01
1.816546566504559035e+00
1.958492528273612310e+00
1.318810441850100101e+00
1.156240905330800706e+00
1.056587053847246160e+00
1.027731706684400725e+00
1.022898499890492641e+00
1.011010128201803804e+00
1.005014869873837036e+00
1.002741901892703069e+00
1.001915529694764162e+00
1.001424998071543060e+00
1.001223449754652162e+00
1.000668442761584620e+00
1.000512859288226419e+00
1.000382996033789329e+00
1.000406905260054824e+00
1.000351739699789411e+00
1.000188923173237265e+00
1.000171395641593408e+00
1.000189625678250094e+00
9.990558199849075560e-01
9.716926977645291563e-01
6.092903098766043968e+00
1.119655521760906680e+01
5.242530576018419985e+00
1.044377258600006719e+01
4.405831836457523742e+00
8.742254874080053639e+00
4.857663607893498714e+00
8.250068362225452034e+00
3.709018908522164981e+00
7.244602557375470653e+00
2.789493361775166047e+00
5.499619954666997934e+00
2.309804815624701302e+00
3.517083757695970814e+00
1.383499270067044096e+00
2.297164333661878555e+00
9.712166625554671251e-01
1.460306813522429081e+00
4.182043005984737327e+00
5.659450316679263793e+00
3.571047017408896629e+00
5.599344087882658805e+00
3.406566047848214485e+00
5.368255476352181255e+00
3.332012441660088253e+00
4.243696387356861166e+00
2.330416672646392851e+00
3.750113072475394382e+00
1.639481830928934070e+00
3.310856896088522294e+00
1.411519412648323923e+00
1.522788654751980442e+00
6.932977044040508074e-01
1.214505694703009508e+00
5.027782102479015913e-01
7.486268629967883781e-01
