9.722088171287295300e-01
1.937589096841622061e+00
2.882106851317207230e+00
2.985957580756056107e+00
2.960432947290013495e+00
2.825879834189439332e+00
2.414927647571270874e+00
2.274562558275083024e+00
2.080930611778711636e+00
2.077891672825829872e+00
2.037700503440582178e+00
2.017063442072511315e+00
2.015049259284416916e+00
2.007601423503829086e+00
2.006619310652834276e+00
2.003624279963173827e+00
2.001677059947319481e+00
2.001461523546713472e+00
2.001101498803321110e+00
2.001123822398894525e+00
2.001187164731644597e+00
2.000746951600120394e+00
2.000251567164942124e+00
2.000025261122653664e+00
9.999999998601972750e-01
1.857925522423580222e+00
1.921685932893339555e+00
1.428284071878626715e+00
1.142631181534080609e+00
1.051831303626845404e+00
1.024792907010192877e+00
1.017674102263122160e+00
1.008930992228533885e+00
1.005695178630417352e+00
1.004354423096148308e+00
1.002010274530681366e+00
1.001306743138471678e+00
1.000990711504421427e+00
1.000734191699114595e+00
1.000512100984707553e+00
1.000374320378635717e+00
1.000386585638513681e+00
1.000282725586718158e+00
1.000233334614459624e+00
1.000197130658869726e+00
1.000146968288124105e+00
9.996465301981367624e-01
9.750811540780712772e-01
6.143885763096009534e+00
1.120761552934618166e+01
5.365671976812832256e+00
1.065110564471059540e+01
4.445836682162682685e+00
8.989830276868129744e+00
4.956102341533190625e+00
8.287106196562110227e+00
3.799619510377600040e+00
7.150534605015728573e+00
3.154056588311386022e+00
5.613635715871615695e+00
2.440291197067200546e+00
3.439126281407347996e+00
1.280607818896307704e+00
2.297164034020919399e+00
9.945916714437089690e-01
1.419205150964785833e+00
4.178584788332471156e+00
5.679612200040541126e+00
3.560684105285618628e+00
5.519370210799021237e+00
3.522759370688830494e+00
5.161593610101846252e+00
3.416177146175852997e+00
4.260718662839902748e+00
2.273965785084568481e+00
3.730699398042467418e+00
1.814055419361435995e+00
3.359111850808357058e+00
1.459808032265831557e+00
1.590319370819573308e+00
5.854211968048368409e-01
1.229866905421471923e+00
3.239197915880344669e-01
8.247374804960323491e-01
