double H_3H2O_MAX[] = {
3.229287008490529520e-01, 
4.321364693689555558e+00, 
4.662178293678612917e+00, 
4.395581220286278956e+00, 
4.133269952962834282e+00, 
4.035201386125699230e+00, 
4.005555014915934464e+00, 
3.992978318958903650e+00, 
3.968360442735986648e+00, 
3.977051522671200878e+00, 
3.998614306874250346e+00, 
3.994307315378669454e+00, 
3.984468034931905045e+00, 
3.944770134597752165e+00, 
3.746018252727979281e+00, 
3.407262074703764743e+00, 
9.999961141299872347e-01, 
1.868489865489405544e+00, 
1.975529124218024180e+00, 
2.016953844763504033e+00, 
2.011139817729884705e+00, 
2.006153931062354179e+00, 
2.002523554604523692e+00, 
2.000605261690762138e+00, 
2.000320703527020072e+00, 
2.000264076092263643e+00, 
1.999801028893841481e+00, 
2.000058981252861301e+00, 
2.000129994668268019e+00, 
1.981865725025235614e+00, 
1.880006964542822345e+00, 
1.664106595221204188e+00, 
1.150782843181964665e+01, 
1.740307359025136691e+01, 
9.267667679600958053e+00, 
1.645723027723677490e+01, 
6.862525547741189058e+00, 
1.381319209309024032e+01, 
5.175510077776026563e+00, 
6.309501604653412699e+00, 
1.667125374465713739e+00, 
4.553011810091587286e+00, 
6.953306693537907313e-01, 
1.867204528108659556e+00, 
1.418319298616190416e+01, 
2.634053078872739562e+01, 
1.125007642035084210e+01, 
2.417859392732277612e+01, 
8.328330758145984447e+00, 
2.035121987080829342e+01, 
6.418689025505729617e+00, 
1.047131408854761503e+01, 
2.736393925122591497e+00, 
7.270285002987696643e+00, 
1.371486047142377984e+00, 
3.674727959985332859e+00
};
