-1.068801028587811758e-02
-3.551702302757583224e-03
4.282606428111505603e-01
2.059663812781120373e-01
8.979200095914539881e-02
-5.412883171721190323e-02
-3.179251921330976394e-02
2.303572299716803995e-01
1.080248562266201973e-01
4.921098452549142743e-03
2.199867418148361842e-01
2.066912522456607754e-02
-1.908408112004959800e-01
-4.739013715169698715e-02
-1.021759465436956199e-02
-6.087909074545642951e-03
2.964246657431107018e-02
8.641474777125332518e-03
-1.486920447993644867e-03
8.958976569257465217e-01
1.412256477551515343e-01
4.158519612321717740e-02
4.150045898756173079e-02
1.631998547782674211e-02
-1.033620472279588726e-02
1.010903130273205219e+00
-9.659709566077091802e-02
4.103417493954600870e-01
2.487574431715182111e-01
1.745757103526644205e-01
2.624269905301198080e-01
6.970786766248349142e-03
2.847229215700151916e-02
-1.386134771315829239e-02
5.024868190898496706e-02
-4.961297330267699229e-02
2.338926099521497770e-01
1.541077527798739022e-01
-4.455642276631169990e-02
2.538872212598144995e-01
7.564866453453289452e-02
3.942563421503000182e-02
9.335836376745892951e-02
-1.999416263074592082e-01
-1.264396062454443970e-01
-7.492468043849800918e-03
-1.200843918838567087e-02
2.463148294221181311e-01
-2.935813448675536619e-03
1.307741002436932087e-01
-2.547157314166759862e-03
1.135445257313805190e-01
-7.256028008869948309e-02
8.351553922974814040e-03
-3.610906135910849080e-03
-7.958699076442375675e-02
-2.271873015714479319e-02
-1.560522059214440316e-01
1.498503983949825702e-01
4.689068269521746296e-02
-3.438358636511158750e-03
-5.299805822221552443e-02
2.252879428735282685e-01
-7.465445872487438961e-02
1.120974315919380238e-01
4.805230838474661842e-02
1.743695173153226863e-01
1.063619792385522844e-01
5.071064517790555559e-01
4.647003111937419995e-02
-5.211047694598757579e-02
9.460520527254746848e-02
7.627952052713737885e-02
3.277715475224344810e-01
3.149843184648410399e-01
5.030514571274038449e-01
1.406346870753118206e-03
-6.269212551233324660e-02
-3.091003107249782889e-01
1.491998277127825831e-02
9.812553743744734103e-02
6.558533573150792523e-03
-4.789520924365617272e-02
3.035915006002750660e-01
1.798021616814854950e-01
4.589431322272318758e-01
2.686115002666841084e-02
-3.882119837127170903e-02
8.737231073618575983e-02
-1.635222264018628205e-02
3.422019624821903694e-01
3.075388781712604103e-01
4.445240979371181123e-01
1.385173353711840680e-02
1.346903275788515764e-01
1.319847440498433111e-01
5.895191531782553729e-02
-3.757679036988509358e-04
2.029220097957769309e-01
-1.567372505636317748e-02
4.155788643183905978e-03
6.205426527446601670e-02
1.782907803873727826e-01
1.414401103676132809e-01
-1.906452459197358895e-01
1.105674198977746672e-02
-5.435071354014673478e-02
3.001799530273579486e-01
1.809279237502076365e-01
1.067456713221449222e-01
1.922543351215704466e-01
-9.261745374590373003e-02
-1.789589080438159785e-01
-1.523569910323846477e-01
-1.359176653593323902e-01
1.071341244637497719e-01
2.539381871751143771e-02
-8.155711401318183063e-02
1.972158374222610644e-01
3.201680542004059493e-01
-1.737763485225641419e-02
-7.135282553477544087e-02
3.723053418152853095e-02
7.987602599956464267e-02
-5.729945341023327809e-02
1.006511692683963732e-01
-1.324349784711625899e-02
-2.166729267500735190e-01
-1.616873249473645135e-02
1.104136382559991469e-01
1.459662955848561317e-01
6.688849362700946544e-02
1.919376516514247621e-01
1.338021400526001048e-01
4.001012808918176233e-01
-4.982557071975475538e-02
-4.790256068254348382e-02
6.903334881805994749e-02
-2.318952669160486216e-02
-2.648293841734923326e-01
1.143653546152839789e-01
1.349392462083504329e-01
-9.098225730893058638e-02
-8.748260843275144916e-03
1.451220290044440975e-01
6.769014935906653152e-02
2.341826512772442193e-01
1.657841363418201264e-01
3.121540195653009775e-01
-1.283879806583892308e-02
-5.313974492619097378e-03
-3.119855933065849088e-02
1.332956721682300727e-01
1.986651795085881550e-02
3.165800735056184534e-02
3.163808352721213940e-02
2.040262081236390163e-03
-6.959970060069567421e-02
6.351937155052150841e-02
2.312650560708633396e-01
3.010626695026258348e-02
-5.477804623680603002e-03
6.813847222454809394e-03
1.854103598588799084e-01
2.619028180690569085e-03
-6.504233480526158684e-03
4.797863978041119054e-02
1.632109941382939300e-01
5.225950546888437354e-03
7.791716492477343547e-02
9.535037826094560492e-03
7.195462032435702426e-02
7.618219382569144105e-02
2.251628288401877065e-01
1.828015474943273100e-01
4.851932328876817913e-02
1.730807830911671244e-02
-2.686519312263878356e-02
1.205317328689206255e-02
2.968200267283643834e-01
-3.807453399595698285e-01
4.050259446938523494e-02
6.684580743073748055e-02
2.591208392806335636e-01
2.031087588701664115e-01
1.581101619210758258e-01
1.531986091223200008e-01
2.087227135555964896e-01
-1.674488810056327104e-01
2.277786057942714562e-02
-1.199637706492427125e-01
-2.185296990153238750e-01
-4.158512278175069410e-02
1.278299746132297299e-01
1.879138902762947372e-01
2.701900887641812271e-02
1.465734584385269546e-01
1.056472132125918506e-01
9.057609169886182698e-02
7.472643476657578332e-02
6.552031727924387261e-02
2.782952822941489046e-01
2.182863483704585439e-01
3.170451538900666000e-01
3.339238480685954302e-01
3.488412442979087480e-01
4.568483159055969911e-01
4.297929069385822975e-01
3.029925157567370242e-01
4.131299094051970600e-01
3.205831168470913983e-01
1.925492233813648202e-01
3.083525954043908612e-01
2.658899628290793404e-01
2.429768120879911009e-01
2.086979802664805095e-01
1.186660052431965651e-01
1.218970943954182651e-01
1.125501759825653925e-01
6.856477195887605847e-02
1.428103813732647387e-01
2.926271069982548309e-02
1.904650731970240762e-01
1.437840939008809549e-01
1.840222855043676387e-01
2.560209565823826638e-01
1.744095706528021039e-01
3.832227703669116026e-01
3.503182621129522500e-01
3.152248572443506203e-01
2.292413496067124690e-01
2.087326126490411937e-01
5.882367541974278802e-02
2.677239980691892285e-01
2.872798980891909104e-01
3.198149608519119114e-01
2.660644279621587338e-01
2.336929701119892511e-01
1.660374959435356179e-01
2.119032252920790282e-01
1.830268092398033286e-01
2.391391378443336047e-01
3.142784626891677036e-01
3.042843466876347103e-01
3.380700973839698698e-01
3.947364391425236541e-01
3.709727698490858372e-01
1.984499415504552278e-01
3.731526094041079378e-01
3.327663373209167608e-01
3.515459845191226673e-01
1.630861721648292906e-01
3.187461939029500591e-01
1.904351904103434856e-01
3.423856277549646165e-01
2.462946205001204647e-01
2.754068699702216794e-01
3.323972313249813904e-01
2.277337337294441100e-01
1.846703005619740046e-01
1.994520555046074006e-01
1.908805172187211241e-01
1.147820692870372972e-01
1.925746910580378723e-01
7.520002035957408515e-02
1.610405007661492582e-01
2.871729638479303959e-01
3.396151266001574687e-01
3.314273502153682882e-01
2.653082186667564124e-01
2.232868663103637630e-01
-2.908534704175053109e-02
1.436600713875076929e-01
2.555829861324037111e-01
1.956654908963245676e-01
3.297904037394701060e-01
2.309517499239059912e-01
3.052485517921336156e-01
1.768483913194656421e-01
2.032857395405046619e-01
2.766329668943715570e-01
8.659266219928264674e-02
-2.422741276143570988e-02
1.892090616648570700e-01
2.109168724748465562e-01
2.648306005675353236e-01
3.071391215065526481e-01
3.282389970701758974e-01
1.901269555570621050e-01
2.597847461456255225e-01
1.810835096117655307e-01
1.787006174700728200e-01
-3.501683080806450299e-02
1.308689778103831747e-01
2.108714286584113251e-01
1.585462387354395486e-01
1.658967774051201272e-01
1.444864600971046964e-01
2.449426502686164187e-01
1.746614931472710297e-01
2.318446886072484114e-01
2.271109549456111210e-01
9.918991003421623320e-02
2.439978118922509487e-01
2.098095934086254555e-01
1.756762962389286642e-01
1.455850623207397831e-01
6.453732595356848067e-02
1.243258324706356943e-01
2.434324414406245918e-01
2.510531565426746825e-01
2.517017983507351397e-01
3.071843381678199814e-01
3.379996512549873211e-01
1.445554877969403573e-01
1.965908870602378899e-01
3.128442919536007505e-01
3.868804300354577452e-01
2.973819855343947105e-01
2.358132726394798206e-01
2.803946415369222844e-01
3.281188471088303804e-01
3.592731538075604192e-01
4.440714397966290528e-01
2.619204652747936790e-01
4.677360227641952362e-01
3.090061906210395115e-01
3.320778053952611053e-01
1.117204856013533087e-01
4.012365799415583689e-01
3.043398962114350903e-01
3.910361117930255537e-01
4.402339147961480403e-01
3.788307241286772986e-01
3.064253957672524731e-01
3.670868551073638852e-01
3.635108139047615317e-01
2.180771016922017913e-01
3.508094845297617947e-01
2.248264951492985608e-01
2.526393621167198345e-01
1.828400069607831746e-01
1.341196909357256217e-01
1.487252280099460311e-01
1.405360079737911772e-01
2.389382006090192134e-01
-2.785779382428565931e-01
-2.812967794609931849e-01
5.857095401522285916e-02
-1.230662512241283424e-01
-4.631562112478102011e-02
-2.920774956080382512e-02
-5.045312401643404776e-01
-5.628353192809060213e-02
3.557232435762769374e-02
2.327219350900967543e-01
3.715109724115283063e-01
4.502078042975407590e-01
3.692070172545925955e-01
3.248632325065876625e-01
1.212534528051670280e-01
-7.780018902576771311e-02
-2.104957707286776447e-01
2.689071026187488944e-01
1.770591798113121951e-01
1.259472624033422528e-02
-3.996897738700683211e-03
-2.704547312334498743e-01
1.672533997342570689e-02
2.176889938777775146e-01
2.224323561852786790e-01
1.096537427656928410e-01
5.885602087576180530e-02
-4.725226760166095080e-02
7.019298561975469142e-02
7.207832092980238914e-02
4.553629264625047579e-04
-1.400625035008052355e-01
3.296323503931511412e-02
1.240469010556141116e-01
1.123688003659491647e-01
3.148643356459979170e-01
3.058349188995260204e-01
1.510149409653539221e-01
-3.781925895459503639e-02
-6.390955478064881679e-02
-5.946300395402606687e-02
-2.656141906009779063e-02
-2.805910866601588061e-02
-1.264924681889598515e-02
-4.643442030005698329e-02
2.171314764180121148e-02
1.125732756561532572e-01
-1.003586234744133221e-01
1.078772650066498612e-01
-9.192992661395527065e-02
1.634297106880133743e-01
1.638987303530719530e-01
9.275998404345889292e-02
-3.768297622261940205e-04
1.893585598866439623e-01
3.535728588299756614e-02
6.138539096706106118e-02
1.769787280222720749e-01
2.635937168964370692e-01
1.833462745407444805e-01
8.980411908011289024e-02
1.714849353474938998e-01
1.383005700781750613e-01
8.375818396586945380e-02
1.700085740765543418e-01
1.894161386441038375e-01
1.499166370331986853e-01
2.092944543648731226e-01
2.455205656972552775e-01
7.419466785355044447e-02
3.370667974398947747e-02
1.315350147981682039e-01
1.032446897230923644e-01
-2.603169228828253190e-02
1.729424051369642945e-01
-1.079169804592708566e-02
-3.428381995143632843e-01
-1.514992920120308839e-01
-9.985511149372566786e-02
-1.660632063975082395e-01
-6.678958451318545153e-02
-4.892027809524911869e-02
7.373862424047153419e-02
1.169141546315149993e-02
1.142785629036585648e-01
1.290401519364927363e-01
1.506861596173754148e-01
1.657794690665146675e-01
1.262089171207055882e-01
4.852788860645289304e-02
1.946409108821484102e-02
2.766967888967388628e-02
1.380228544911748512e-01
-1.302114296287828522e-02
7.301222883363274463e-02
4.312036636023551528e-03
4.647557150463027531e-03
2.290527241882290427e-02
1.121116321195670118e-01
1.746905263094641059e-01
1.219276880902686877e-01
1.773602376162444760e-01
2.262324603702857706e-01
1.569715529834618262e-01
9.330342340396904910e-02
-6.108678433604729924e-02
7.993985189899463495e-02
2.447042928706788245e-01
2.638128909291382329e-01
1.697056951594370644e-01
6.289595848208731632e-02
-1.299620308374109523e-01
-1.496111520819989327e-01
-1.497062216363180820e-01
1.318871596101526267e-01
1.601256445005623807e-01
7.162436289586246452e-02
1.285105873456443559e-01
-1.923268673145348343e-02
-1.360487299595025401e-01
-4.989395580199118552e-02
7.371400226588598059e-02
-2.248524993017965434e-02
2.343812204834470198e-02
-9.063124103764483297e-02
-1.939154519698730317e-01
-1.336630670244814412e-01
-2.681670189368804552e-02
-8.615824838425670262e-03
9.869019678652876659e-03
-7.200168367497526700e-02
-1.903651191547519050e-01
-2.353673094026064172e-01
-2.520319123921835325e-02
-3.710912984187092478e-02
2.379564282130097394e-02
1.751692885101568259e-02
4.149042648892713459e-01
4.691790362879988407e-01
3.707955787964039573e-01
2.737519194405366729e-01
1.556474763291318120e-01
2.035648541720654625e-01
2.034343891322474007e-01
2.520496381976295996e-01
1.652242200126723959e-01
2.619324417890053214e-01
9.860991734222931959e-02
4.470114672253758248e-02
-8.112470382073427855e-02
-3.787588087220555844e-02
1.191623294924959719e-01
2.413900684022998733e-02
1.267015489592966948e-01
-1.809940688065715675e-01
6.645446875650334873e-02
1.302789093005584931e-01
1.826631720309939699e-01
-2.430538227879827651e-02
-1.413773871978420971e-01
-1.975287594519722911e-02
1.740010951006841222e-01
1.839296702797216798e-01
1.897749273203003240e-01
2.292007240410026403e-01
1.497915242262940205e-01
2.241322386812273360e-01
1.270917973019812242e-01
2.902842081141756569e-01
-3.500134673447841127e-04
3.641296718499855700e-01
4.067779785857716934e-01
4.931906763875975597e-01
3.805161098522547025e-01
2.235785394372905299e-01
2.987446528427279979e-01
4.510786614255840044e-01
3.255352451193405106e-01
3.279628190031061985e-01
-1.217435824985137888e-02
-1.352026689231934087e-01
5.608330503449938942e-02
2.206733967385474671e-01
1.194941454564281691e-01
-1.139513445596565880e-02
-4.407755706228466686e-02
1.478205855086927312e-01
1.225796736659364727e-01
2.880063544440453205e-03
6.787026495008816052e-02
1.131162606829383965e-01
1.497833817264454526e-01
6.400718891017709300e-02
-3.708460905378585526e-02
6.538835890639679849e-02
1.152750546293164202e-01
1.642928274141756406e-01
3.908630451710067011e-02
-7.626161926331193053e-02
-2.081798585873134017e-02
-6.811245187975004112e-03
-4.193974230702807171e-03
8.984565532046319414e-02
1.465494858829622937e-01
1.450838054123393117e-01
1.594743328613777988e-01
2.306234858702123358e-01
1.482275565394089722e-01
1.715005285456227269e-01
2.275607566987354891e-01
1.673304988324380849e-01
1.560476703194687564e-01
1.248653027348419903e-01
1.335542829615214144e-01
2.760550706535148946e-02
-1.421117962461399681e-02
8.308147453298050933e-02
4.424234121499639322e-02
6.585962532623115817e-02
7.984702183857550484e-02
9.076991421092529821e-02
1.697417729797660868e-02
1.746171236386514711e-02
9.353169730378179531e-03
-2.112621878599326222e-02
-9.454966272328488297e-03
-5.241380647586925401e-02
-4.658389137812274372e-03
-2.745030553779045923e-03
-6.894703866699392059e-02
-5.471713301014395625e-02
-1.248702579940007620e-02
-8.506389392311686226e-03
-7.759033562684128360e-02
-4.517593163531527511e-02
-7.825812516259571250e-02
-1.498905005773466803e-04
9.533729812443693385e-03
4.736988255940358106e-02
1.054584341792906277e-01
-9.612639643085560404e-02
-1.756593153687055833e-02
-1.996827920406847590e-02
-9.336169221229909110e-02
-5.178157967004743539e-02
1.950676796726139861e-01
-7.146681053801692829e-02
1.615783794121102290e-01
-7.215401984855063233e-02
2.000723072316879653e-02
2.895277885786661301e-02
-8.539470733576445816e-02
7.382327606859734326e-02
1.217733667365930236e-02
4.625924655208751846e-02
4.942413279467831877e-02
1.866429688223696925e-01
4.691782255077235619e-02
-3.677578283314802271e-02
-1.097205395079220158e-01
-2.331767080000780867e-02
-1.104711710960497306e-02
4.898487545918861485e-02
-1.084922288018971837e-01
-2.694684724222233888e-02
-3.657168531154889740e-02
5.144025211877296944e-02
-1.977654705340219782e-02
1.179937202320841816e-01
4.048563116000988144e-02
-1.168643091102139764e-01
2.794932343682406117e-02
3.480822552235965373e-02
-8.969315709315306417e-02
5.538414659168305193e-04
-1.020201774874338191e-01
-2.810095157762999146e-03
-6.653879063102940972e-03
5.788506864787771461e-03
1.020563995192597939e-01
-1.555774579891759379e-01
-2.398575668301772268e-01
2.737446422925358600e-02
-2.426944983599056138e-01
1.648248494003105510e-03
-4.137479071491648175e-02
1.176745192064380247e-02
1.501074306543032089e-03
2.836624376913343681e-03
1.093025728795627149e-01
-1.801388199209326690e-01
-2.340808641232376419e-01
2.561144168410538560e-02
-2.794460931773652956e-01
1.699861460448013339e-01
4.001771494009467856e-02
1.476540165997706211e-01
1.791941647010332206e-01
1.923854017155868512e-01
2.330999417124646478e-01
8.024348625269497881e-02
8.896408335222675753e-03
-4.864355062557706305e-02
-4.780258460259818876e-04
5.169381906557461021e-02
1.152191828458930534e-01
2.099134250479352259e-01
1.734573331462465617e-01
2.191560836177413596e-01
3.746022325417238119e-01
2.748412100911001299e-01
1.269615079141446223e-01
-1.019674600241837203e-01
9.311793885082203515e-02
-2.808875412223429263e-02
-3.867793269220367453e-02
-2.287404964603546587e-01
1.212894434886675407e-02
6.309241922038093253e-02
9.608125828089286724e-02
-2.118612812192218614e-02
-6.014198561672341736e-02
1.913189962707150665e-02
-1.473253141464839766e-01
5.110025379459405548e-03
-1.580131724171960350e-01
-1.698658286159976938e-01
-3.069568239430629092e-02
-6.327125674561109858e-02
-5.590333968779242352e-02
5.666991698003063030e-03
1.646399969947580921e-01
7.210727858157865711e-02
6.048750945911589294e-02
2.509288069510368438e-02
1.260901521903930456e-01
2.034786412499364205e-01
2.179291455294833091e-01
2.265098417993633984e-01
-1.377553606448746887e-02
-3.792223127191380466e-02
-1.577696969324117113e-02
-3.962639477940550770e-02
-2.080916299724573301e-02
-2.819935896050433308e-02
1.305247971031032322e-02
-4.503482776355718920e-03
-7.358240579313501950e-04
-2.704723767111320495e-02
-2.915419986431607921e-02
-1.114660203699108926e-02
-4.425974369613577819e-02
-3.730434053832255847e-02
-2.635870307448263603e-02
-1.811537880062200762e-02
-7.477259823685168671e-03
-1.434598648739669052e-02
-5.581708336952034832e-02
-4.910959861112177555e-02
-8.783897769247268894e-03
-2.308062350831542944e-02
-3.990995945696369784e-02
-6.642404121605607892e-02
-2.890960459638125882e-02
-4.029289877365421768e-02
-4.326980002334051417e-02
1.810996570915892820e-02
1.968959219628418564e-02
-3.832692566857885674e-03
-3.334650594952002362e-03
1.217586943438444397e-02
-4.816422945362539010e-03
-2.494419550339759331e-02
1.403946826026040290e-02
-1.040931477035668060e-02
1.677278495761786586e-02
1.236018917810167289e-02
2.128478099462238066e-02
-7.877810092437743938e-03
-8.240575561617429629e-03
-4.256176350210796877e-02
-1.058214476005729654e-03
-3.500564784792652151e-03
5.372525356306528943e-04
6.190009518159125118e-02
1.019192305490906544e-02
-2.288824765217261498e-02
-8.881854666816114963e-02
2.358913270161619447e-03
-1.227616430121844932e-01
-2.668055422772041760e-02
-6.603709789700301647e-02
-8.197114991248873050e-03
-5.093813447386424942e-02
-1.403824158730516969e-02
-7.805449818141976803e-02
-9.975432756313429294e-02
-6.523144021166668582e-02
-5.036857464270230733e-02
-4.914333829161558059e-02
-1.861364295440607469e-02
3.134541891675895336e-02
6.607236722696413836e-03
-1.228316944240624431e-01
-1.078071320249454207e-01
-2.588298013167910500e-02
-2.027565305889180158e-01
-8.683082222627523661e-02
-1.553655248233851704e-01
9.664589242171293948e-02
-8.031975051807840882e-02
9.958434744472779987e-02
-5.095009604963015443e-02
1.047729811323346374e-02
-3.609400960422311927e-02
-3.230538249880725299e-02
-6.994007325665105301e-02
-4.215919626844082113e-03
-1.597974778360642875e-02
4.442389420560973606e-02
4.857014824405660874e-02
6.172296266877178722e-02
6.273664331062010768e-02
2.026995889801132961e-02
5.661800896470399469e-03
-4.689015644574312525e-02
-4.967743617102757248e-02
-1.976491297510784076e-02
-7.168314696621876092e-02
-4.217677379944616972e-03
2.912838688128618209e-02
1.377487310528650172e-02
2.461754647859677042e-02
1.609351154095727335e-02
3.301439818743347188e-03
-3.727984817413865226e-02
2.410610785880213172e-02
1.341485319439781124e-02
6.654791743614402177e-02
8.535058847877828592e-03
4.360163546508576127e-02
-1.063226558653200537e-03
-3.315818189439972974e-02
-3.409536353678847831e-03
9.705727344252835370e-03
3.926455053777945514e-02
7.263510061784808625e-02
1.471563281226664563e-02
-2.042412073193184546e-02
-3.631570584881760322e-02
-2.310851601417506992e-02
-4.595951732616987417e-02
-1.200322274483253682e-02
-9.222393768445087681e-03
2.797964692443240600e-02
6.694310122604277269e-02
2.453946933527697064e-02
-1.552125343310510955e-02
1.892434452706032860e-02
2.966194361216955427e-02
9.334365970035812810e-03
-4.555735951536507566e-03
-2.082493998615431163e-02
-4.027095161540235335e-02
8.042475665225319592e-03
2.119914783196366614e-02
1.720878298684942742e-02
3.680545322752987875e-02
2.387574073285347875e-02
4.534683600811671017e-02
2.667433251576889486e-02
3.962689021853299520e-02
7.371541618914115301e-02
4.986641760865071632e-02
5.761683869477290942e-02
4.815541162523520602e-02
4.675630269822667745e-02
5.159207170314481644e-02
4.067709260539748017e-02
4.675792016715319549e-02
2.440193028523218732e-02
3.807842902875446106e-02
5.763343334982803934e-02
4.785601429775909049e-02
6.083077056603029831e-02
4.244885332849175630e-02
3.257967343004757738e-02
4.477745515043873858e-02
4.545862003912930216e-02
3.621917534511241710e-02
1.124023473215277069e-02
1.831800497529618987e-02
2.695962278107681687e-02
6.784295359995545782e-02
7.530817154599155072e-02
4.705704783258386759e-02
4.195337290764078464e-02
3.338130264599288577e-02
5.408451005571562886e-02
3.709786915572305804e-02
5.226967222772867933e-02
1.896904993617648527e-02
2.537368213785626270e-02
-1.110933440061807193e-02
-1.433649126078439390e-02
9.040617618788694687e-03
2.611855379366504609e-02
4.372557421635963476e-02
4.863906284757947562e-02
4.540391099947804765e-04
2.177204530318446046e-02
-5.715734535926914051e-02
-7.079550885180807551e-02
3.829430265096328556e-03
7.610749358724341884e-02
1.254638980871805587e-02
-2.035619220488992520e-01
-1.691129487765888340e-01
-5.193942836651571637e-02
-9.024312404068482452e-02
-4.568312091614351589e-02
-1.209255139021950254e-02
-4.130576149438194844e-02
-1.962031857631496568e-03
7.487456366662170737e-02
-4.581037316223321443e-02
1.157767148868509149e-01
-8.044978907311983729e-02
-1.652492801709389558e-01
-3.029242864478567943e-02
-2.018463761508923482e-02
-3.983890390358832412e-02
-7.188216868631616685e-02
1.317651358474522527e-02
-1.083969902442788458e-02
-1.116059218417528309e-01
-3.769619537737221027e-01
-1.488322310582735897e-01
-1.241724885713927917e-01
4.757436136888334999e-02
-1.402567807461500560e-01
-1.540042976084868565e-01
-4.356349762485817179e-02
-1.319907978581054964e-01
-7.148511469377988314e-02
-2.084735668331844094e-02
5.219198129755331372e-02
8.933469014041789391e-02
1.012283738456126736e-02
8.226948108800148651e-02
8.512378536475126434e-02
1.401636971250245778e-01
9.099736947885511684e-02
1.487255825731526038e-02
4.287345488531185689e-03
1.073200990870836202e-01
2.090721585467832100e-01
5.265020578168069787e-02
7.605018812806196848e-02
9.256083966963385423e-02
5.287793667425420840e-02
5.727222968962428218e-02
1.351875662152511037e-01
5.868717177863913559e-02
1.093172962499309453e-01
4.822570936944062248e-02
1.189598105105003356e-01
-1.933338261459698060e-02
1.190840234002344122e-01
2.122254721945837988e-02
9.650416394423103061e-02
7.543226082691154022e-02
8.037034280913421536e-02
1.828033984544051929e-02
-1.066058815403418680e-01
-2.765385797053120098e-02
4.154103421022296849e-02
-2.731463067298710301e-02
1.171399272978651401e-01
-3.408808710651491103e-02
-1.502379181622269799e-01
-2.058907374463228024e-01
-2.105480428599271758e-01
-6.568000545237744764e-03
7.037012935280198556e-02
-3.781194757506443904e-02
6.619139644683533219e-02
4.824096189367320375e-02
1.558506620304468682e-01
7.710822929289556926e-02
1.173091079235996925e-01
1.679187778951906906e-01
1.271877621988944107e-01
1.113425937480261863e-01
1.643442022995404150e-01
6.776316301100832051e-02
7.534330457709131901e-02
7.719979801013482357e-02
3.002987363093698875e-02
4.135953339601667472e-02
3.458299058925638075e-02
2.939701573500814319e-02
2.535528283098099911e-02
2.513409283776374403e-02
3.168031129475935154e-02
4.944724136186507552e-02
3.889867436833093634e-02
3.732798900110872314e-02
1.947046271104926202e-02
8.783229007912285446e-03
1.036041355392928326e-02
1.996789427971141367e-02
2.839549252766087467e-02
2.810235716390515476e-02
1.780450111192639906e-02
2.849171213057177104e-02
3.188821787404070435e-02
1.332694448771429979e-02
1.893131580207126768e-02
2.528131055981685388e-02
1.668225831617709681e-02
1.307127165353624138e-02
-4.530494286590264902e-03
1.946746299728719515e-02
2.333887078970413309e-02
-2.640407448245993272e-03
6.295697332887172093e-03
5.382687728889064271e-03
3.056702580966087074e-02
5.118640565154770894e-03
1.236995294637759091e-02
-2.517051393536452741e-03
-1.211447458306327829e-03
1.657531275952611044e-02
3.186657118001174488e-02
2.471257595140989582e-02
1.529687436091042158e-02
2.226515217555603832e-02
2.435324173617958721e-02
2.330181784567704473e-02
1.293706256256620113e-02
3.058334549223282878e-02
-1.538620974317360043e-02
9.482736799949070816e-04
1.028621856578921037e-02
-3.166902801578642956e-03
9.392801920919447572e-03
2.979417716785693129e-02
1.767140842024483502e-02
1.102207848034622226e-02
1.932892066201444617e-02
1.530172659244077513e-02
8.144685643175528927e-03
-1.211551941430322188e-02
-1.922805199526211525e-02
-1.968427148309858168e-02
-2.857623252890416701e-02
-1.281287428422549571e-02
-1.750495777952195894e-02
-5.968964155357742163e-02
-1.306567536564096771e-02
4.697657805748534782e-03
-1.200991474495169756e-02
5.645869230628531438e-03
4.563802978915169895e-03
1.982019801549453342e-04
-8.400135744652374031e-03
-3.201500574912599650e-04
-1.862874900835637809e-02
3.115664071140535063e-03
-2.185551778652120372e-02
-3.596439081460463261e-03
-7.276856070094303575e-03
-4.063058086292613280e-02
-1.586864991512854095e-02
1.475246181195215972e-02
-1.039272468518395026e-02
1.884599884555699170e-02
7.476338293059887896e-03
1.076021689128987130e-02
-2.523560007238981329e-02
5.148922359994999309e-03
2.147739427060930961e-03
1.446861251496256787e-02
-8.136020875518439749e-03
-1.612130157174604048e-02
-7.340944358292581656e-03
1.979474051360368414e-01
7.391184220643948199e-02
1.474936878326941689e-02
1.147193784508223346e-01
2.779161436120243800e-01
1.408667187920367159e-01
-4.000885408204844090e-02
3.185198353507363855e-02
1.928206060470324598e-02
6.205484931859871212e-02
6.026716567195407326e-02
-1.511061353119604565e-02
7.388751824085677822e-02
4.834158603909373408e-02
4.300182307578770402e-02
-7.015133309024883246e-02
-2.663495552733629798e-03
2.472245211282409968e-02
9.661562807096948924e-02
1.572001950373816404e-01
9.773958439095297573e-03
7.558514358478478357e-02
2.934276278609799712e-02
-6.199714913576295783e-02
-8.628583319523495943e-02
-1.145225989390350751e-01
6.404249355207253247e-02
3.627742912888261284e-03
7.248950844657686687e-02
-5.608196629463577804e-03
7.856338012601674081e-02
7.542756983048640174e-03
4.929306113618506235e-02
-1.152827548877518107e-02
9.230844108642416446e-02
5.404505482260998916e-02
5.270199093217076136e-02
-1.897378053689353222e-03
1.083709269464357416e-01
2.350533175734045022e-01
2.362562074855105443e-01
1.591079920915584311e-01
1.931905329359258350e-01
-3.221418387956080653e-03
3.747773193394315916e-02
4.387119831172253681e-02
-1.249484849996136682e-01
1.162510618573489064e-02
3.191097954918364898e-02
-2.742355913793990269e-02
-1.666609321298358898e-03
5.434782443036521166e-02
8.150437683229691532e-03
1.165977284590655194e-03
-7.649729381348276125e-02
-3.538754317012249295e-02
3.959341774980214279e-02
1.427335827212848629e-01
-8.352412136199506565e-03
-5.744663706793348701e-02
4.778998569028627963e-02
3.294618497398574264e-02
-5.334098577985207229e-02
8.837092257418038832e-02
1.677878066673589574e-02
9.531637920823279875e-02
1.308952814395792086e-01
3.526180161619882347e-02
1.637878329279018538e-02
1.339816805504650266e-01
-1.075748885287417245e-01
2.457194453799059486e-02
-8.416617707485508915e-02
-7.638436264743589388e-02
-1.889758172270995448e-02
2.172804026755949941e-02
-5.329134803419111055e-02
-1.034675176926487528e-02
1.521771343700561163e-01
4.180447507668392376e-02
2.802538971100127646e-02
-8.704712747164777831e-03
1.790779315681143014e-01
1.184436995986296592e-01
-6.140736847693493983e-02
5.259258718824526280e-02
-4.089564675736856447e-02
1.075919465909304096e-01
3.737088363372576688e-02
1.579207137641612871e-02
6.351109817552616499e-03
-6.436624271639448946e-03
-7.822727120576966620e-03
2.745917799679996329e-03
1.557521780349610530e-03
-1.590975067227841724e-02
-1.611123340067244503e-01
-6.372684269592157613e-02
-1.546486446450391974e-02
1.443622633321632598e-02
1.927146831449725803e-02
-1.780281863048705990e-02
1.579530088829331907e-02
2.635911066115339749e-02
-3.010617642313061573e-02
-1.036313538852719762e-01
-1.087375428132511535e-01
-2.384148446120043854e-02
3.840653546361851023e-03
1.119787769734617577e-02
9.449294820988335397e-02
5.598981627590614296e-03
1.042225220430098576e-03
1.196942470042099485e-02
2.287276648957256922e-02
3.143309886623261301e-03
3.567515876619259396e-02
-4.044915161688988903e-02
-5.527372515002376696e-02
-7.044240141475161671e-03
-3.783871340307032316e-02
-8.804574797374195572e-02
-1.422868336869862263e-02
-3.434557998468282247e-02
1.030826170131166064e-02
4.776152876912534428e-04
-1.550962461249137669e-01
-9.899583481519483308e-02
-1.131067434873501421e-01
1.503325544161336624e-02
1.390239715057274908e-02
-7.544769874221132766e-02
-6.918501424663980881e-02
-9.067201490585419937e-03
2.343857696982441785e-03
-9.011717491323040230e-02
-9.347127745571034985e-02
1.447374265563231843e-01
-5.913012980104639937e-02
-5.727791779460610078e-02
4.474943056569195832e-03
-6.129850068625989495e-03
-1.900579440891910984e-02
6.523142140344394962e-03
1.035232930535866930e-02
6.507501139180360550e-03
4.194019201961940446e-03
6.590018356386031367e-03
-2.434275721702597317e-02
-2.482060027221947088e-02
-3.010600681061252268e-02
-1.005852147616694697e-03
-5.763199874165805814e-03
5.723994566132272616e-03
7.545421716885724467e-03
1.712424680832707463e-02
1.306408850915608336e-02
-1.456382439296735956e-02
-6.799188734836925097e-03
1.035233782272888120e-02
-1.624945861406920655e-02
1.474425025876893031e-02
-3.317887402727219548e-02
8.866020153623858924e-03
-2.429855980048842984e-02
-3.038843957927727171e-02
8.547731651818636645e-03
-2.804597644917618260e-03
1.055837063109647464e-02
-6.926927756228629107e-02
-1.938407080610209457e-02
-4.214340233114663437e-03
-2.619421539700585513e-02
7.207265938931388394e-03
-4.172690375266377427e-02
-4.660194719730587076e-03
1.699307938579237842e-02
9.793483818794697371e-03
1.737546559638705398e-02
-3.443880312338465366e-02
-1.647521669587349857e-03
-7.404650631676890082e-02
-5.944095424495221547e-02
-1.077627130815682691e-02
2.297789921235169133e-02
1.149549813457682174e-02
-3.083054213478285399e-03
5.367370044716079924e-02
-5.832711177421699700e-03
-5.808880844243750202e-03
-2.036136005566551582e-03
3.643182725836874997e-03
-3.530958689161034503e-02
-2.062252287235252432e-02
-3.931379701704630636e-03
8.746848804781721942e-03
5.996096109833862209e-02
-1.563487290397861523e-02
1.124499677888898125e-02
-9.952530264752710437e-03
-3.026693079704743244e-03
-1.795040360078131725e-03
